function n = He_n_lambda(x)

x = x*1e6;


% p1 =  34.212869576357377;
% 
% p2 = -1.425572298937201e+03;
% 
% q1 =  -57.089687719326065;
% 
% n  = 1 + 1e-6.*(p1.*x+p2)./(x + q1);d
% 


n = 1 + 0.01470091./(423.98-x.^(-2));