function n = Kr_n_lambda(x)

x = x/1e-6;

n = 1 + 0.012055*(0.2104*x.^2./(65.4742*x.^2-1) + 0.2270*x.^2./(73.698*x.^2-1) + 5.14975*x.^2./(181.08*x.^2-1))

