function n = Ne_n_lambda(x)

x = x/1e-6;

n = 1 + 0.012055*(0.1063*x.^2./(184.661*x.^2-1) + 1.8290*x.^2./(376.840*x.^2-1))